worker
Worker 0
0
[9, 4, 5, 48, 62, 8, 54, 8, 6, 25, 11, 6, 85, 7, 8, 26, 11, 41, 16, 53]
[0.018256, 0.008114, 0.010142, 0.097363, 0.125761, 0.016227, 0.109533, 0.016227, 0.01217, 0.05071, 0.022312, 0.01217, 0.172414, 0.014199, 0.016227, 0.052738, 0.022312, 0.083164, 0.032454, 0.107505]
100
0.16305610000000004
worker
Worker 1
1
[13, 8, 22, 88, 141, 11, 52, 9, 12, 43, 34, 4, 87, 9, 4, 30, 12, 13, 21, 48]
[0.019667, 0.012103, 0.033283, 0.133132, 0.213313, 0.016641, 0.078669, 0.013616, 0.018154, 0.065053, 0.051437, 0.006051, 0.131619, 0.013616, 0.006051, 0.045386, 0.018154, 0.019667, 0.03177, 0.072617]
100
0.16305610000000004
worker
Worker 2
2
[5, 8, 8, 48, 120, 9, 78, 11, 13, 74, 28, 14, 168, 7, 18, 28, 7, 15, 15, 46]
[0.006944, 0.011111, 0.011111, 0.066667, 0.166667, 0.0125, 0.108333, 0.015278, 0.018056, 0.102778, 0.038889, 0.019444, 0.233333, 0.009722, 0.025, 0.038889, 0.009722, 0.020833, 0.020833, 0.063889]
100
0.16305610000000004
worker
Worker 3
3
[6, 15, 5, 38, 80, 12, 38, 4, 10, 17, 25, 15, 33, 5, 31, 24, 7, 33, 14, 37]
[0.013363, 0.033408, 0.011136, 0.084633, 0.178174, 0.026726, 0.084633, 0.008909, 0.022272, 0.037862, 0.055679, 0.033408, 0.073497, 0.011136, 0.069042, 0.053452, 0.01559, 0.073497, 0.03118, 0.082405]
100
0.16305610000000004
worker
Worker 4
4
[15, 11, 9, 44, 91, 17, 62, 25, 9, 90, 14, 9, 42, 15, 31, 28, 4, 14, 13, 67]
[0.02459, 0.018033, 0.014754, 0.072131, 0.14918, 0.027869, 0.101639, 0.040984, 0.014754, 0.147541, 0.022951, 0.014754, 0.068852, 0.02459, 0.05082, 0.045902, 0.006557, 0.022951, 0.021311, 0.109836]
100
0.16305610000000004
task
T_10
0
0.006944
10
task
T_11
1
0.008114
10
task
T_12
2
0.010142
13
task
T_13
3
0.066667
49
task
T_14
4
0.125761
65
task
T_15
5
0.0125
16
task
T_16
6
0.078669
60
task
T_17
7
0.008909
10
task
T_18
8
0.01217
11
task
T_19
9
0.037862
37
task
T_110
10
0.022312
28
task
T_111
11
0.006051
13
task
T_112
12
0.068852
87
task
T_113
13
0.009722
10
task
T_114
14
0.006051
22
task
T_115
15
0.038889
26
task
T_116
16
0.006557
10
task
T_117
17
0.019667
18
task
T_118
18
0.020833
17
task
T_119
19
0.063889
48
