worker
Worker 0
0
46, 19, 21, 30, 21, 13, 59, 98, 8, 58, 28, 68, 116, 24, 427, 11, 179, 6, 159, 29
100
worker
Worker 1
1
25, 39, 52, 8, 10, 46, 64, 118, 7, 64, 62, 61, 66, 20, 179, 15, 312, 13, 191, 9
100
worker
Worker 2
2
19, 19, 34, 27, 3, 8, 83, 49, 7, 18, 36, 81, 131, 18, 100, 8, 87, 8, 118, 38
100
worker
Worker 3
3
45, 15, 11, 34, 11, 12, 35, 47, 12, 35, 17, 70, 100, 33, 201, 5, 178, 11, 134, 22
100
worker
Worker 4
4
42, 31, 36, 37, 12, 11, 49, 43, 16, 28, 57, 101, 48, 18, 229, 6, 81, 3, 72, 20
100
task
T_10
0
0.018369
task
T_11
1
0.01338
task
T_12
2
0.0107
task
T_13
3
0.005878
task
T_14
4
0.003363
task
T_15
5
0.008969
task
T_16
6
0.034047
task
T_17
7
0.04572
task
T_18
8
0.005143
task
T_19
9
0.020179
task
T_110
10
0.016537
task
T_111
11
0.04482
task
T_112
12
0.048494
task
T_113
13
0.014695
task
T_114
14
0.112108
task
T_115
15
0.004864
task
T_116
16
0.08617
task
T_117
17
0.003191
task
T_118
18
0.076596
task
T_119
19
0.006613
