worker
Worker 0
0
11, 59, 33, 6, 72, 6, 24, 34, 5, 17, 75, 136, 4, 39, 17, 23, 37, 18, 11, 87
100
worker
Worker 1
1
56, 60, 27, 26, 67, 3, 16, 23, 10, 7, 87, 53, 6, 19, 28, 36, 55, 20, 4, 121
100
worker
Worker 2
2
15, 79, 40, 6, 91, 6, 26, 109, 25, 32, 30, 54, 24, 28, 15, 38, 32, 32, 7, 85
100
worker
Worker 3
3
15, 25, 26, 19, 45, 6, 9, 138, 13, 23, 60, 127, 7, 62, 33, 30, 19, 19, 14, 100
100
worker
Worker 4
4
41, 84, 25, 9, 36, 12, 24, 84, 15, 19, 31, 71, 7, 38, 9, 50, 35, 14, 7, 211
100
task
T_10
0
0.015406
task
T_11
1
0.031646
task
T_12
2
0.030414
task
T_13
3
0.007752
task
T_14
4
0.043796
task
T_15
5
0.004144
task
T_16
6
0.011392
task
T_17
7
0.031768
task
T_18
8
0.007003
task
T_19
9
0.009669
task
T_110
10
0.037713
task
T_111
11
0.069767
task
T_112
12
0.005602
task
T_113
13
0.026243
task
T_114
14
0.010949
task
T_115
15
0.032213
task
T_116
16
0.024051
task
T_117
17
0.017032
task
T_118
18
0.005525
task
T_119
19
0.109819
