worker
Worker 0
0
[162, 19, 69, 48, 71, 7, 11, 25, 43, 60, 16, 34, 23, 16, 46, 4, 26, 41, 65, 62]
[0.191038, 0.022406, 0.081368, 0.056604, 0.083726, 0.008255, 0.012972, 0.029481, 0.050708, 0.070755, 0.018868, 0.040094, 0.027123, 0.018868, 0.054245, 0.004717, 0.03066, 0.048349, 0.076651, 0.073113]
100
0.15150100000000002
worker
Worker 1
1
[103, 15, 55, 51, 64, 18, 15, 13, 33, 13, 15, 14, 66, 49, 11, 13, 46, 33, 23, 20]
[0.153731, 0.022388, 0.08209, 0.076119, 0.095522, 0.026866, 0.022388, 0.019403, 0.049254, 0.019403, 0.022388, 0.020896, 0.098507, 0.073134, 0.016418, 0.019403, 0.068657, 0.049254, 0.034328, 0.029851]
100
0.15150100000000002
worker
Worker 2
2
[93, 14, 116, 46, 68, 12, 19, 5, 45, 22, 20, 24, 24, 23, 13, 6, 10, 44, 24, 37]
[0.13985, 0.021053, 0.174436, 0.069173, 0.102256, 0.018045, 0.028571, 0.007519, 0.067669, 0.033083, 0.030075, 0.03609, 0.03609, 0.034586, 0.019549, 0.009023, 0.015038, 0.066165, 0.03609, 0.055639]
100
0.15150100000000002
worker
Worker 3
3
[88, 12, 36, 123, 33, 5, 16, 10, 89, 12, 7, 24, 16, 13, 9, 11, 16, 106, 34, 28]
[0.127907, 0.017442, 0.052326, 0.178779, 0.047965, 0.007267, 0.023256, 0.014535, 0.12936, 0.017442, 0.010174, 0.034884, 0.023256, 0.018895, 0.013081, 0.015988, 0.023256, 0.15407, 0.049419, 0.040698]
100
0.15150100000000002
worker
Worker 4
4
[56, 12, 38, 65, 151, 28, 17, 15, 33, 31, 8, 57, 55, 14, 22, 43, 22, 120, 58, 16]
[0.065041, 0.013937, 0.044135, 0.075494, 0.175377, 0.03252, 0.019744, 0.017422, 0.038328, 0.036005, 0.009292, 0.066202, 0.063879, 0.01626, 0.025552, 0.049942, 0.025552, 0.139373, 0.067364, 0.018583]
100
0.15150100000000002
task
T_10
0
0.065041
89
task
T_11
1
0.013937
15
task
T_12
2
0.044135
58
task
T_13
3
0.056604
56
task
T_14
4
0.047965
96
task
T_15
5
0.007267
17
task
T_16
6
0.012972
10
task
T_17
7
0.007519
13
task
T_18
8
0.038328
42
task
T_19
9
0.017442
16
task
T_110
10
0.009292
14
task
T_111
11
0.020896
32
task
T_112
12
0.023256
21
task
T_113
13
0.01626
23
task
T_114
14
0.013081
17
task
T_115
15
0.004717
16
task
T_116
16
0.015038
25
task
T_117
17
0.048349
50
task
T_118
18
0.034328
36
task
T_119
19
0.018583
33
